[key]
talk_key=88
[output]
volume=15
[gui]
offsetx=0.000000
offsety=0.000000
scaling=1.240000
[input]
scale=100